0.000000000000000000e+00 0.000000000000000000e+00 0.000000000000000000e+00 0.000000000000000000e+00
1.768592786170790987e+02 6.413783434897248981e+01 2.730197722518537873e+00 5.026845760151221754e+01
1.107661374758088968e+01 1.317306620709784397e+02 6.162880334663822790e-01 3.364309467097228179e+01
5.591606558397552362e+01 6.608856340114448358e+01 5.849387877208370945e+00 2.544685483367866752e+01
3.086079055390047188e+01 1.156167867345103417e+02 2.139227513831335159e+01 1.324850162537000564e+01
6.179543303639991336e+01 2.656474679473510037e+01 1.006825861562500035e-01 8.743330497934152845e+00
1.210348628691369868e+02 7.343776569839182855e+01 4.669356029173947764e-01 8.147514606313061236e+00
3.369047492213069717e+01 2.203757374384980849e+01 1.125442399948002326e+00 4.318942250742905699e-03
1.171873673210442313e+01 5.894302235242911792e+01 1.012445692297956690e+01 4.216538335340491273e+01
2.706935307114829570e+01 3.513838633913037768e+01 5.711283603070974380e+00 1.813424130881633545e+01
1.116729840760205832e+02 1.416028711990812212e+02 3.927488215062411303e+00 5.706176761213350090e+01
7.953076854932999140e+01 1.131039551155081284e+02 3.918565526796548237e+00 7.897993586368716024e+01
2.959607030735693556e+01 1.439659977160566768e+02 9.049067103429724312e-01 9.313882963296986617e+00
5.689191594443917666e+01 1.671577054269027940e+01 4.464296804486214576e+00 7.234033149265036400e+01
7.711281175910144725e+00 3.301417710499852376e+01 1.071112091779473730e+01 2.415616861068315302e+01
6.643379683266640967e+00 3.595744061936306935e+01 3.390880365398590168e+00 2.904349760702104888e+01
1.323133787926665761e+01 4.634168561928974839e+01 1.147202262919907767e+01 5.583671595870959514e+00
1.825363764849220871e+01 1.891110280068758343e+01 1.501415369129254174e+01 1.081088413779546542e+01
2.282718316988125906e+01 8.844835187533331577e+01 3.314450092762542432e+00 2.731264948965718631e+01
7.502206560205939923e+01 1.691882517182841923e+02 1.344679939477887665e+01 2.376459211537495619e+00
1.708580248839607796e+00 1.933074961335866533e+02 1.746769910314484875e+01 1.377465007199090152e+01
1.958255128728477530e+02 8.027035511762706221e+01 4.565535530357029970e+00 3.516820070800955023e+01
1.781015472771378683e+01 2.133692901014770769e+02 1.202852323852578564e+01 1.487333125738107320e+01
1.304385125274617252e+01 1.367281941903824816e+02 3.595916104673569258e+00 2.365569613449392961e+01
1.029844852587801185e+01 3.369411936620576031e-01 7.302008844223543127e-01 3.523747756140066301e+00
1.589058271749031448e+01 3.851608725812721445e+02 8.659343509444733300e+00 6.800405499633758843e+00
2.861056232477334760e+01 2.563509876177377222e+01 2.024521029936424021e+00 5.935744779543815497e+01
1.958235407939430672e+01 2.906447554626031504e+01 1.276120921373724570e+01 4.179057349303497659e+01
1.046700933006305263e+02 9.108677263160707582e+01 5.467567806174339573e+00 9.105369060934853209e+00
4.133244686344923480e+00 2.020227401745861187e+02 3.112727390784060688e+00 1.252145429457476755e+00
5.927582700881443145e+01 1.118891344167845681e+01 2.502002513455313881e+00 5.407969441224341978e+01
3.566042327878457741e+01 1.070180861645638117e+02 5.216514366975831818e-01 1.013998368394626759e+01
2.459730324819056335e+01 6.049220812918222379e+01 7.532973349102487504e+00 5.111106112121402845e+01
1.082002972501736338e+02 2.837852466398866458e+00 5.170959712486311588e+00 4.719698589560301372e+01
1.216643250914070773e+00 5.649958682169830126e+01 2.666085441081798013e+00 1.599389287182650676e+01
3.032295958829782645e-01 1.221535995750705723e+02 1.590012489208633140e-01 1.936439383099262912e+01
5.422993150590393441e+01 2.838125182759620557e+01 1.358755771655328015e+00 2.960985519222921525e+01
8.043634382442380826e+00 1.824183465837895213e+01 4.851625293338962308e+00 3.745440947551921251e+00
1.903053970728485922e+01 1.229552555668914238e+01 6.194909559175787450e+00 7.621582214360922425e-01
1.014851298091019487e+02 1.513663949448756796e+02 3.601425128088237004e-01 2.322877363534675510e+01
6.921449469552896971e+01 1.087133990153215279e+02 9.108684036179384158e-01 3.243480875066153857e+01
4.449554681399257561e+01 3.503597024238570157e+02 6.098923928980530818e+00 7.867723941160296164e+00
9.459470200159151076e+00 5.518879657585252829e+01 8.471225410147514623e+00 2.282132000335898780e+01
1.238931112578888190e+02 4.114241533162258158e+00 2.420980923399942419e+00 1.035086761658459586e+01
3.453959278898364005e+01 1.649017380291785173e+02 1.305024761340557449e+00 1.998635495092132786e+01
1.517061241939476801e+01 2.670200150479696504e+02 2.260660781702355376e-02 3.242949168131852300e+00
3.881455461909862947e+01 3.179779510970803802e+00 5.539251908706267713e+00 5.964548551939618193e+00
7.141944471353954782e+01 1.719996185989980120e+02 1.041887509258070565e+01 3.190845872235548608e+00
4.766590611518087428e+01 6.892475285257039275e+01 1.251352447698150705e+01 1.528502333328633833e+00
3.152793951565176656e+01 1.828998552396891455e+02 6.923700876440047614e-01 4.014070132141745262e+01
2.036037007218119754e+01 4.533536080499771259e+01 3.263122947367780302e+00 2.579759418902850765e+00
5.155559169140619957e+00 7.763940702841962249e+00 1.009797478028884976e+00 1.340206810814799887e+01
3.732702635688184500e+01 4.048933155479952006e+01 4.326215615586756158e+00 1.279572926123957011e+01
7.453969426314901625e+01 3.892399004596885703e+01 2.466993141440966819e-01 3.643366908046019148e+01
1.397058222740739382e+02 2.052844578146084586e+01 7.901906217850985570e+00 6.769571143331724272e+01
5.093613228702488982e+01 8.850805514393126572e+00 1.133707104124083997e+01 1.227523127954804849e+01
6.702843563443572350e+01 6.307814885176316011e+01 2.202049080597660247e+00 1.514855638758159628e+01
5.245570752762274935e+01 3.218582356133216393e+01 1.502893474984953848e+00 4.971690945195410549e+00
2.074369629851819496e+01 2.097424438809532887e+02 8.911252736247153194e+00 2.224436142698197472e+01
4.273800669435928512e+01 4.214980565285996050e+01 2.880752383336983247e+00 2.087772426224939437e+01
9.763743934101785271e+01 5.155646758362737501e+02 1.625463550373104127e+01 7.068430848383427723e+00
2.189202958191488690e+00 2.479589799576291114e+02 6.787506310015871236e+00 8.237928814130674127e+00
6.424984078867418402e-01 1.757204083078695023e+00 1.519910753115429358e+01 1.606622343063201299e+02
2.714623562973314197e+00 1.043636539446351321e+02 1.706664465063799652e+00 4.471443409461551965e+01
5.859267242312838242e+00 1.254802347466950749e+02 6.522557324957562130e+00 3.097144782932830509e+01
1.236931196319632420e+01 1.005100579269780212e+02 6.927355881849454278e+00 2.584640528996050790e+01
8.589429289332927908e+01 1.480184822307403003e+01 1.381601773406149647e+01 1.195109646740892018e+01
6.520432457441131646e+01 3.081820516990917440e+02 1.965630365805635327e+00 2.841949150998170026e+01
6.463150758211068592e+01 4.207746643763239263e+02 1.419120379199157345e+00 2.931150573863953834e+00
3.303396302476600965e+01 2.247104748520673070e+02 7.313020972648088147e+00 4.269585895802806341e+00
5.945829499166691789e+01 5.259019050765618886e+01 9.545070635391752489e+00 3.464924083774528896e+01
9.826981569492964752e+00 7.773845303213765590e+01 2.802760977612035909e+00 2.678531249363559041e+01
2.562947555766157848e+01 1.623373862261690448e+01 4.927245553662217503e+00 1.866949719618877523e+01
2.192573882462026447e+01 1.589827024721629414e+02 3.562469949186957585e+00 3.784012838603241136e+01
2.461070069098513500e+02 2.405701194177267155e+02 1.772052151522395258e+00 4.635283162639827026e+01
1.439226422311217277e+02 8.534410665208478974e+01 2.832261297250839505e+01 4.099835843549093362e-01
3.656039892168738703e+01 2.370693535997166279e+01 9.349817223514810038e+00 4.545700071727670988e+00
2.368273201080483048e+01 3.062628196257509572e+01 5.289508490587765621e+00 1.175300185947170561e+00
8.286851315840422671e+01 1.188518273399137541e+02 7.905236198842486850e-01 6.589096040280533195e+00
4.601991413905092365e+00 9.922448807728516229e+00 1.816173191382780772e+00 2.148988607776286752e+00
1.485081575324440450e+01 2.822376674137041164e+02 8.218391089656016391e+00 1.582058183377286120e+01
1.561544357526967133e+02 7.221946991023922635e+01 7.196834205954663943e+00 1.453271437876754213e+01
2.957579788507689500e+01 6.857328755411855603e+00 1.062896753448988818e+00 3.849410471390203270e+01
4.282666595836470691e+01 7.627332532012155752e+01 1.193952393291630498e+00 6.187679145004672421e+01
8.871972656014486347e+01 5.784375993818609452e+00 1.954242014697810670e-01 1.966650662915525416e+01
8.417806869120958879e+00 8.390670851818467213e+01 4.164539125149739340e-01 4.680587926289439538e-01
3.494931441969905794e+00 5.398751811721594862e+01 2.364904720302209551e+00 7.533541749638306584e+00
8.136851376980239081e+01 2.272612508108518625e+01 4.790409864859763722e+00 8.878742147307380606e+01
4.883462531621010783e+01 2.582851939500469030e+02 2.445393257215596350e+01 1.886399703427797725e+00
4.076672580002307456e+01 6.952829964497820470e+01 6.410566346770783852e+00 6.063501652067234460e+00
1.349849972297629677e+02 5.011383027791546141e+01 2.997216632807225611e+00 1.643558157545458798e+01
7.015424899294442795e+00 4.905183865434381119e+01 7.776047101504564907e+00 1.027446132812014241e+02
2.410711479120668699e+01 1.303446312237887525e+02 4.219988208378144812e+00 4.621157190889690014e+00
4.962282105719928893e+01 4.327639488246828847e+01 2.301555142626992012e+00 5.146749724472222454e+00
9.255374445288593677e+01 9.417240384812920695e+01 2.078812559578217645e+00 1.138955193053978654e+01
4.572737225220474500e+01 1.892318131173329618e+02 4.114695458632942504e+00 1.763366947120017159e+01
2.631987580762668699e+01 9.905646704321043217e+01 1.632241122011815371e+00 3.098792307586836969e+01
1.658445308482685121e+01 1.285644293093177382e+01 3.767722434729154024e+00 1.113509277461923830e+01
1.382959662680244506e+01 3.853499708098351562e+01 1.813746288029462406e+01 1.714202669101988619e+01
3.949741293083832261e+01 1.554805108336491912e+02 1.987091901934855542e+01 2.164003646709783268e+01
3.072547187298779292e+00 9.388271440315278937e+01 9.823058013735254335e+00 9.752927273602397307e+00
