0.000000000000000000e+00
-2.433571450894286503e+00
-7.849268725966578319e-01
-1.269036756040966774e+00
-1.049573924506461919e+00
-9.482847677867123348e-01
-1.421384247072018381e+00
-4.965878135212278277e-01
nan
-8.287701932797664206e-01
-2.126338261410425812e+00
-2.088389809932829522e+00
-6.539800862370489520e-01
-1.803786459918790941e+00
-7.191999435630094251e-01
-6.700192085848379886e-01
-5.367572878715757279e-01
-7.395847662517365251e-01
-8.872092756757518073e-01
-1.218902352656458854e+00
-6.146692732818960225e-01
-2.362681747882171113e+00
-7.935585560655239457e-01
-7.153671932486878049e-01
-2.488922936630010574e-01
-6.263367647150714923e-01
-1.328054675240646354e+00
-1.134312034068899910e+00
-1.421125901240080536e+00
-2.133874938501652274e-01
-1.615831140938233323e+00
-7.253870012701022496e-01
nan
-1.985115659129364607e+00
-3.820749759618065067e-01
-3.989075557761485591e-01
-1.240745456890935960e+00
-3.039362880497571417e-01
-4.279997949584345429e-01
-1.558100008132902836e+00
-1.431223419186108181e+00
-9.284605908258811713e-01
-7.017550737349519396e-01
-1.511079446721805164e+00
-9.059134331168551268e-01
-3.658912415702727516e-01
-7.551925764266586016e-01
-1.149703452216205513e+00
-9.103824977412291464e-01
-1.153493797773546214e+00
-4.322251365847102900e-01
-3.608919225868021385e-01
-8.444024721311536030e-01
-1.516126518052148375e+00
-2.456811107818244633e+00
-1.092506337104894198e+00
-1.157072035792201747e+00
-8.117892880261321498e-01
nan
-1.013293141609847847e+00
-1.573196545889691489e+00
-3.889344630481396115e-01
-1.764073840836227314e+00
-8.051246466784663935e-01
-7.480877436780117851e-01
-7.760581665809633822e-01
-1.450843767415269658e+00
-1.384580954848460888e+00
-9.529883284562471468e-01
-7.362273543179078672e-01
-1.476137464676779976e+00
-6.884817923030168707e-01
-8.025402967817731881e-01
-1.035092050151032561e+00
-2.716488373247919252e+00
-1.917015446311934657e+00
-7.765174735321642707e-01
-4.840963792127704890e-01
-1.120888892380195401e+00
-1.590736671913456912e-01
-7.259956811521819375e-01
-1.876479138608446062e+00
-1.077775844023726615e+00
-1.524402544412625682e+00
-1.377400634504819088e+00
-1.750191912276679584e-01
-2.674033961121917713e-01
-2.188028261157006327e+00
-1.157631799790246996e+00
-8.081375758088189531e-01
-1.707003812159013867e+00
-1.467211370715899577e+00
-5.578833267303707766e-01
-8.039694546182040158e-01
-1.309711402403903158e+00
-1.041540798498714615e+00
nan
nan
-8.170814764711922251e-01
-1.249348286166189981e+00
0.000000000000000000e+00
